x y z bpi sti nt3pi 
36.99 37.50 38.49 220 1 1 
36.65 37.49 38.50 -1 2 2 
35.97 37.49 38.51 -1 3 3 
35.63 37.50 38.51 -1 4 4 
35.29 37.50 38.51 -1 5 5 
34.95 37.51 38.51 215 6 6 
34.27 37.51 38.50 -1 7 7 
33.93 37.50 38.49 -1 8 8 
33.93 37.50 38.49 -1 9 9 
33.59 37.50 38.49 -1 10 10 
33.25 37.49 38.49 211 11 11 
32.57 37.49 38.50 210 12 12 
32.23 37.49 38.51 -1 13 13 
32.23 37.49 38.51 -1 14 14 
31.89 37.50 38.51 -1 15 15 
31.55 37.50 38.51 -1 16 16 
30.87 37.51 38.50 -1 17 17 
30.53 37.51 38.49 205 18 18 
30.19 37.50 38.49 -1 19 19 
29.85 37.50 38.49 133 20 20 
29.17 37.49 38.50 132 21 21 
28.83 37.49 38.50 131 22 22 
28.49 37.50 38.51 148 23 23 
28.15 37.50 38.51 147 24 24 
27.47 37.51 38.50 146 25 25 
27.13 37.51 38.50 145 26 26 
26.79 37.51 38.49 144 27 27 
26.45 37.50 38.49 -1 28 28 
26.11 37.50 38.49 -1 29 29 
25.77 37.49 38.50 -1 -1 30 
25.77 37.51 36.50 -1 31 31 
26.11 37.50 36.51 -1 32 32 
26.45 37.50 36.51 -1 33 33 
26.79 37.49 36.51 143 34 34 
27.13 37.49 36.50 142 35 35 
27.47 37.49 36.50 141 36 36 
27.81 37.49 36.49 140 37 37 
28.15 37.50 36.49 139 38 38 
28.49 37.50 36.49 138 39 39 
28.83 37.51 36.50 137 40 40 
29.17 37.51 36.50 136 41 41 
29.51 37.51 36.51 135 42 42 
29.85 37.50 36.51 134 43 43 
30.19 37.50 36.51 203 44 44 
30.53 37.49 36.51 -1 45 45 
30.87 37.49 36.50 201 46 46 
31.21 37.49 36.50 -1 47 47 
31.55 37.50 36.49 -1 48 48 
31.89 37.50 36.49 -1 49 49 
32.23 37.51 36.49 -1 50 50 
32.57 37.51 36.50 -1 51 51 
32.91 37.51 36.50 195 52 52 
33.25 37.51 36.51 -1 53 53 
33.59 37.50 36.51 -1 54 54 
33.93 37.50 36.51 -1 55 55 
34.27 37.49 36.50 -1 56 56 
34.61 37.49 36.50 -1 57 57 
34.95 37.49 36.49 189 58 58 
35.29 37.50 36.49 -1 59 59 
35.63 37.50 36.49 -1 60 60 
35.97 37.51 36.49 -1 61 61 
36.31 37.51 36.50 -1 62 62 
36.65 37.51 36.50 -1 63 63 
36.99 37.50 36.51 241 64 64 
37.33 37.50 36.51 -1 65 65 
37.33 37.50 36.51 -1 66 66 
37.67 37.49 36.51 -1 67 67 
38.01 37.49 36.50 -1 68 68 
38.35 37.49 36.50 -1 69 69 
38.69 37.49 36.49 -1 70 70 
39.03 37.50 36.49 -1 71 71 
39.37 37.50 36.49 234 72 72 
39.71 37.51 36.50 233 73 73 
40.05 37.51 36.50 -1 74 74 
40.39 37.51 36.51 -1 75 75 
40.73 37.50 36.51 -1 76 76 
41.07 37.50 36.51 -1 77 77 
41.41 37.49 36.51 -1 78 78 
41.75 37.49 36.50 -1 79 79 
42.09 37.49 36.50 -1 80 80 
42.43 37.50 36.49 -1 81 81 
42.77 37.50 36.49 -1 82 82 
42.77 37.50 36.49 -1 83 83 
43.11 37.51 36.49 152 84 84 
43.45 37.51 36.50 151 85 85 
43.79 37.51 36.50 150 86 86 
44.13 37.51 36.51 149 87 87 
44.47 37.50 36.51 -1 88 88 
44.81 37.50 36.51 -1 89 89 
45.15 37.49 36.50 -1 90 90 
45.49 37.49 36.50 -1 91 91 
45.83 37.49 36.49 -1 92 92 
46.17 37.50 36.49 182 93 93 
46.85 37.51 36.49 181 94 94 
47.19 37.51 36.50 -1 95 95 
47.53 37.51 36.50 -1 96 96 
47.87 37.50 36.51 -1 97 97 
48.21 37.50 36.51 -1 98 98 
48.55 37.49 36.51 -1 99 99 
48.89 37.49 36.50 -1 100 100 
49.23 37.49 36.50 -1 -1 101 
49.23 37.51 38.50 -1 102 102 
48.89 37.51 38.50 -1 103 103 
48.55 37.51 38.49 -1 104 104 
48.21 37.50 38.49 -1 105 105 
47.87 37.50 38.49 -1 106 106 
47.53 37.49 38.50 -1 107 107 
47.19 37.49 38.50 173 108 108 
46.85 37.49 38.51 172 109 109 
46.17 37.50 38.51 -1 110 110 
45.83 37.51 38.51 -1 111 111 
45.49 37.51 38.50 -1 112 112 
45.15 37.51 38.50 168 113 113 
44.47 37.50 38.49 -1 114 114 
44.13 37.49 38.49 166 115 115 
43.79 37.49 38.50 165 116 116 
43.45 37.49 38.50 -1 117 117 
42.77 37.50 38.51 -1 118 118 
42.43 37.50 38.51 162 119 119 
42.09 37.51 38.50 161 120 120 
41.75 37.51 38.50 160 121 121 
41.07 37.50 38.49 -1 122 122 
40.73 37.50 38.49 229 123 123 
40.39 37.49 38.49 -1 124 124 
40.05 37.49 38.50 -1 125 125 
39.37 37.50 38.51 -1 126 126 
39.03 37.50 38.51 -1 127 127 
38.69 37.51 38.51 -1 128 128 
38.35 37.51 38.50 223 129 129 
37.67 37.51 38.49 -1 130 130 
37.33 37.50 38.49 -1 0 -1 
28.83 37.51 38.50 21 132 132 
29.17 37.51 38.50 20 133 133 
29.85 37.50 38.51 19 204 134 
29.85 37.50 36.49 42 135 135 
29.51 37.49 36.49 41 136 136 
29.17 37.49 36.50 40 137 137 
28.83 37.49 36.50 39 138 138 
28.49 37.50 36.51 38 139 139 
28.15 37.50 36.51 37 140 140 
27.81 37.51 36.51 36 141 141 
27.47 37.51 36.50 35 142 142 
27.13 37.51 36.50 34 143 143 
26.79 37.51 36.49 33 -1 144 
26.79 37.49 38.51 26 145 145 
27.13 37.49 38.50 25 146 146 
27.47 37.49 38.50 24 147 147 
28.15 37.50 38.49 23 148 148 
28.49 37.50 38.49 22 -1 -1 
44.13 37.49 36.49 86 150 150 
43.79 37.49 36.50 85 151 151 
43.45 37.49 36.50 84 152 152 
43.11 37.49 36.51 83 153 153 
42.77 37.50 36.51 -1 154 154 
42.77 37.50 36.51 -1 155 155 
42.43 37.50 36.51 -1 156 156 
42.09 37.51 36.50 -1 157 157 
41.75 37.51 36.50 -1 158 158 
41.41 37.51 36.49 -1 230 159 
41.07 37.50 36.49 -1 160 160 
41.07 37.50 38.51 120 161 161 
41.75 37.49 38.50 119 162 162 
42.09 37.49 38.50 118 163 163 
42.43 37.50 38.49 -1 164 164 
42.77 37.50 38.49 -1 165 165 
43.45 37.51 38.50 115 166 166 
43.79 37.51 38.50 114 167 167 
44.13 37.51 38.51 -1 168 168 
44.47 37.50 38.51 112 169 169 
45.15 37.49 38.50 -1 170 170 
45.49 37.49 38.50 -1 171 171 
45.83 37.49 38.49 -1 172 172 
46.17 37.50 38.49 108 173 173 
46.85 37.51 38.49 107 174 174 
47.19 37.51 38.50 -1 175 175 
47.53 37.51 38.50 -1 176 176 
47.87 37.50 38.51 -1 -1 177 
48.21 37.50 38.51 -1 178 178 
48.21 37.50 36.49 -1 179 179 
47.87 37.50 36.49 -1 180 180 
47.53 37.49 36.50 -1 181 181 
47.19 37.49 36.50 93 182 182 
46.85 37.49 36.51 92 183 183 
46.17 37.50 36.51 -1 184 184 
45.83 37.51 36.51 -1 185 185 
45.49 37.51 36.50 -1 186 186 
45.15 37.51 36.50 -1 187 187 
44.81 37.50 36.49 -1 149 188 
44.47 37.50 36.49 -1 189 -1 
35.29 37.50 36.51 57 190 190 
34.95 37.51 36.51 -1 191 191 
34.61 37.51 36.50 -1 192 192 
34.27 37.51 36.50 -1 193 193 
33.93 37.50 36.49 -1 194 194 
33.59 37.50 36.49 -1 195 195 
33.25 37.49 36.49 51 196 196 
32.91 37.49 36.50 -1 197 197 
32.57 37.49 36.50 -1 198 198 
32.23 37.49 36.51 -1 199 199 
31.89 37.50 36.51 -1 200 200 
31.55 37.50 36.51 -1 201 201 
31.21 37.51 36.50 45 202 202 
30.87 37.51 36.50 -1 203 203 
30.53 37.51 36.49 43 134 204 
30.19 37.50 36.49 -1 205 205 
30.19 37.50 38.51 17 206 206 
30.53 37.49 38.51 -1 207 207 
30.87 37.49 38.50 -1 208 208 
31.55 37.50 38.49 -1 209 209 
31.89 37.50 38.49 -1 210 210 
32.23 37.51 38.49 11 211 211 
32.23 37.51 38.49 10 212 212 
32.57 37.51 38.50 -1 213 213 
33.25 37.51 38.51 -1 214 214 
33.59 37.50 38.51 -1 215 215 
33.93 37.50 38.51 5 216 216 
33.93 37.50 38.51 -1 217 217 
34.27 37.49 38.50 -1 218 218 
34.95 37.49 38.49 -1 219 219 
35.29 37.50 38.49 -1 220 220 
35.63 37.50 38.49 0 221 221 
35.97 37.51 38.49 -1 222 222 
36.65 37.51 38.50 -1 223 223 
36.99 37.50 38.51 128 224 224 
37.33 37.50 38.51 -1 225 225 
37.67 37.49 38.51 -1 226 226 
38.35 37.49 38.50 -1 227 227 
38.69 37.49 38.49 -1 228 228 
39.03 37.50 38.49 -1 229 229 
39.37 37.50 38.49 122 159 230 
40.05 37.51 38.50 -1 231 231 
40.39 37.51 38.51 -1 232 232 
40.73 37.50 38.51 -1 233 233 
40.73 37.50 36.49 72 234 234 
40.39 37.49 36.49 71 235 235 
40.05 37.49 36.50 -1 236 236 
39.71 37.49 36.50 -1 237 237 
39.37 37.50 36.51 -1 238 238 
39.03 37.50 36.51 -1 239 239 
38.69 37.51 36.51 -1 240 240 
38.35 37.51 36.50 -1 241 241 
38.01 37.51 36.50 63 242 242 
37.67 37.51 36.49 -1 243 243 
37.33 37.50 36.49 -1 244 244 
37.33 37.50 36.49 -1 245 245 
36.99 37.50 36.49 -1 188 246 
